615
24097
10759
15063
10851
6318
15146
21207
10313
25820
6823
6380
22803
28788
5499
31471
6750
3838
27779
6587
13548
30794
1798
4018
22306
5867
13608
18233
8074
26296
632
24887
14163
25417
6243
11162
31948
1664
12478
10194
15853
22269
6209
8532
718
1704
16646
21529
26669
8491
25870
8989
2541
19062
14524
24288
32146
3385
11608
7144
23750
14701
17294
6460
24534
21196
28140
14059
2101
3924
871
31875
23288
26056
16855
12187
11097
11311
24694
31306
30005
18003
12901
8621
18318
25667
22823
19556
16137
20690
1828
22805
4209
20501
21031
17640
9010
3561
5601
8714
15327
7275
26212
7723
13996
638
4777
6399
20981
23112
14090
19136
2229
32693
24520
31403
32016
20211
15238
17791
29385
29428
24012
29697
22988
17392
4486
24954
26790
13792
15234
29239
18184
22275
19701
6664
18505
24157
17911
29378
13792
18995
18434
25278
10733
3729
14455
21335
31153
21445
29466
30575
12306
17633
3217
8683
6168
28220
9448
11314
22387
11249
18960
27827
6386
10335
27227
15708
18189
27303
22274
4643
22108
30001
22175
8065
8222
29736
18355
4338
19635
31737
21281
20342
20002
22488
11953
22547
27284
26683
28559
8785
22231
4445
27849
5820
24796
14780
12757
5478
10810
22683
264
3171
29352
5249
26144
7755
29319
29112
22715
22715
17750
4303
28381
31443
25659
32025
8046
19386
12417
2860
5306
278
3604
18274
3823
13716
3591
29787
22179
28518
10511
6521
16203
14016
2565
8547
14789
15450
26728
2179
30415
4082
29400
7048
6541
26311
18844
17892
31240
29214
2333
28751
30633
17857
25705
28482
23490
20091
20401
381
19461
22685
15052
24194
19723
9852
23474
21783
21710
5873
2305
31176
27951
23511
9339
25955
26226
16529
5509
890
6589
129
21418
28901
15261
11666
279
27197
16000
9903
5404
19041
17724
7754
5809
6389
9606
12502
26351
10462
31356
2893
7058
18120
18204
8619
27006
30624
10442
30065
7991
18202
6607
27683
12135
9772
17364
13770
19292
22929
25195
17266
3463
30792
13702
19885
13311
31250
1022
27407
27388
22007
11790
14000
10076
12481
20437
1709
4385
7040
29655
12967
32241
25092
21885
27202
31637
26982
13200
7079
27258
7808
12994
27139
10291
29808
20517
13318
18933
29465
25522
10853
26393
21922
12996
30297
29598
14581
4762
28701
10917
23105
6873
25971
2291
25977
26631
28704
22386
21459
28177
23659
17840
23113
23237
8098
5215
26651
2137
24214
20435
13643
32738
1050
6791
24863
3038
26504
1944
8355
23211
827
1352
32037
12558
15126
22397
8888
11437
13052
8768
16049
5781
13654
1086
28204
17845
10640
16714
15496
4448
6812
31961
12775
21455
19821
1157
29103
31901
26493
10891
26892
13129
9544
12364
3435
2488
8399
16592
11008
16048
10262
31550
17218
4190
9126
3429
31594
7889
3340
24119
6903
24188
30040
18504
6701
6840
7070
25683
16529
2112
4985
25526
21358
26547
31619
31473
21588
14358
17374
23594
20372
31055
1199
16812
15045
32427
25757
2148
25410
20825
3926
23139
27817
8940
15370
26975
24413
20445
17390
14642
18181
29191
18619
31320
24843
809
27436
29813
23326
3944
4484
206
8625
30666
15877
5323
15994
17596
30074
23675
18164
2189
13742
25872
23261
20976
31731
22366
12984
11902
23452
16992
15947
15666
9347
30132
21282
20716
6532
27674
27403
8942
14079
17913
29337
5474
2394
21466
10145
1489
4989
12522
1984
12205
17749
28029
20179
7881
593
18822
1405
12764
14312
32543
8100
11522
1041
7431
10996
23610
27593
28959
3419
17897
8593
748
21387
27989
23533
7705
3963
9515
15335
27890
18150
29178
17289
8938
29131
31926
23655
14101
2284
5430
28178
11950
9295
17590
1190
30611
10688
28757
1853
21188
2892
2968
32377
20200
5575
23269
27391
21192
20295
17929
11254
14290
26023
15027
30093
29847
11526
7927
22386
22349
11845
21452
21339
20558
17804
18318
897
19607
20677
6268
20767
8266
28192
18235
15096
300
19086
31057
11215
4392
69
19371
24812
30922
1346
13592
24734
4549
10690
30924
179
8557
9929
10462
32002
9022
15515
14538
7650
9043
24902
8176
28336
10480
32534
3090
1101
12537
17182
9178
21405
14456
31670
22866
6153
22298
1784
19562
18941
27059
20801
15734
9579
19638
25526
4013
16455
9918
701
23467
12553
17160
23680
4591
17710
31734
18286
11614
18360
13709
4281
30142
22441
26616
23257
21052
20107
14851
3079
11240
14059
11169
19651
24627
21209
20582
5711
17271
12906
6670
20785
13167
23095
13044
949
14779
31195
26780
4200
15966
12921
9770
1182
19007
27955
32488
30446
22955
16820
18628
30129
16082
27815
18127
1414
5189
22078
25535
12241
16254
10412
31854
8503
857
30379
14937
22564
8851
29175
32290
25413
4690
12752
23055
12302
15517
2428
7305
26933
21215
28355
27293
25909
12392
28785
27262
9420
19692
15576
32257
24957
16130
14412
3359
11279
20134
9125
24695
6925
6072
21184
3017
2372
15482
29438
26748
25672
10262
25027
8217
2798
24854
4856
18126
15315
27626
1930
1517
5076
15718
21481
22122
7316
15681
13962
19296
27386
22679
15973
27788
19888
9320
376
8400
2981
4119
25410
10418
12940
10220
27464
10459
30042
26514
11156
17560
6860
7321
14129
18524
31711
22773
10416
25660
4693
30077
14502
30321
5943
9325
25644
26074
12622
5093
9054
3191
13225
8296
12252
12784
27674
5982
23372
5644
440
2450
30166
2874
25438
11700
17574
8459
17963
21208
2157
24246
13313
25333
5089
3475
10758
30055
29241
5024
18214
29038
7602
24063
2702
16557
17932
23414
8754
4524
9998
1773
18760
10838
28414
500
14027
19067
13609
16187
7162
7759
97
15640
13014
16618
23930
20484
23719
20166
1484
32030
20600
2116
5556
25767
22934
1063
21267
15492
9749
29206
973
23231
9547
27935
21580
20486
30291
24111
19963
4651
26251
28315
24011
13986
22
2714
27313
15622
10331
29640
31781
27029
20100
25509
28837
12207
10752
15892
17456
11355
2306
21469
26316
12481
12032
13611
8960
23729
17204
5135
5211
18715
20254
14075
11755
17045
19712
31559
20678
5080
18017
26543
29317
24643
651
20179
21444
3671
17677
438
18083
16953
7225
4672
1352
26676
16295
9660
6235
20276
32432
22363
19849
21323
16116
10927
15873
6192
2773
3632
25850
21435
12281
28090
17963
10346
28108
21773
9297
4064
13307
8780
18349
21856
28923
18559
21635
8278
28800
8721
12700
3791
18950
21331
32453
24572
24396
15607
6990
11955
27347
32405
15500
15342
7779
2346
5207
18762
20871
16788
1932
904
16396
13079
29836
32016
22662
20955
2492
14441
6859
19819
11267
17090
1654
29495
27983
24173
6502
8467
4881
15710
24124
18359
11452
19377
2784
32061
14921
2593
12028
8102
25270
30865
29312
1877
14978
4231
25628
18834
6707
20396
22473
2825
1233
21070
21825
25160
7784
32222
5762
19012
12938
15218
5711
9429
19146
16964
11951
19765
21826
29233
18284
14981
23310
15931
5269
12872
18127
9991
25853
2790
15145
17760
185
32299
31045
25778
6054
3013
22351
11663
16353
27593
18169
24622
1100
4399
27639
7911
784
15441
17025
18617
7190
7536
21972
25540
12173
1839
1713
6095
27751
12566
25052
14531
11995
2577
1695
24878
28389
6894
7493
7361
16065
30947
23967
8914
22900
18437
9602
8411
16707
19922
8006
5369
28218
5032
30793
14446
3239
6475
10090
31263
19356
5987
17294
2327
15216
20987
27167
28418
15422
31492
13704
15027
31844
9424
17338
15007
1798
17560
19627
18271
25225
17654
18641
7730
16152
10347
10155
19320
13603
15322
5689
9528
5083
22796
21887
21915
16311
14634
8453
30063
8433
22342
9562
13989
8714
25298
1677
7891
15938
16935
30386
20915
8225
9471
23651
27554
20465
9979
2364
27682
29249
542
94
12377
5732
20817
19693
32143
5360
25309
26770
7092
32319
6900
12794
32727
6385
26152
29525
1712
28776
15346
30936
16152
29515
12588
14139
17547
8708
6807
571
10669
19778
16215
21273
29378
25719
7026
7962
8244
21595
12884
15877
18705
30055
29006
24744
17802
2651
8722
5971
26997
20153
27961
26715
20172
5447
27837
30361
12332
30353
20096
14313
21336
3941
1731
15275
947
20309
4783
325
7369
22328
19152
24222
9414
26538
17812
30373
30461
24455
18897
16328
32355
19060
20796
6782
17
32598
6899
30653
30150
20185
19956
3972
30819
16874
11172
10067
14957
26685
21065
26798
4750
14024
3983
18334
5652
30278
17159
31024
17264
16821
20644
31219
15544
5337
9020
9342
4646
27319
16141
22504
7320
27674
25653
11854
26638
11793
16697
17233
11822
111
13695
2709
24771
19530
9171
13892
17466
637
21734
11657
6692
6694
27083
4885
23478
7976
24184
23453
1100
20650
7243
29785
27618
20374
7298
31110
12697
23835
6850
31974
13880
10540
22417
23611
9897
12542
27356
10192
5752
11662
9841
6384
10839
4633
2182
6252
21149
6818
15921
21785
5570
27247
13805
27216
27364
14988
16924
5741
9285
6215
19327
336
27083
13234
5055
4831
17279
15909
2024
22914
13326
22713
8937
165
25419
4814
24597
22330
22699
30854
15781
26165
17864
12615
20276
5901
24798
11837
24641
27202
20305
26837
9905
15825
8229
12611
1354
9153
22149
3326
24121
18587
1085
9535
30093
27113
29759
17797
25529
23742
25890
27156
6166
9262
21406
24177
27487
6097
21777
27623
16947
6724
509
6150
16279
24489
28808
29471
1905
17442
16123
30409
4366
12889
11844
29790
2461
6651
19572
4991
18097
30264
12097
24716
18627
25669
16004
27437
19886
18907
3772
29900
29489
2998
19338
12056
26993
21526
12851
2692
13684
26945
7202
5318
935
5118
6499
26457
2649
5660
6952
9723
31806
12521
11848
3375
2796
15291
17851
4283
31073
19051
5407
2603
15996
25557
31543
30541
14207
18522
31846
18612
27284
18526
19768
16437
22853
10954
27866
24429
25345
9098
20381
26169
14238
23056
6519
24891
22994
32719
26754
18524
12729
30402
12155
11589
12114
2019
8260
31204
32002
10676
9826
16110
16911
22201
29055
4695
29990
29691
4074
32219
16086
18311
6418
32121
27667
32493
26639
3571
28852
17858
26137
19279
31221
27678
25871
8024
4341
7455
2545
30
19769
9572
18278
15986
5927
18834
26679
25707
31372
11475
10706
9188
2327
18258
26312
21755
19676
27840
20815
1172
19154
25298
15809
4820
5461
1985
32027
24998
28324
2249
18302
4922
31588
10410
14002
22656
1308
5674
20638
20401
19638
21137
8658
29383
27908
10283
26621
5632
19769
12490
19575
30303
9068
27713
11960
22571
1817
26346
32479
13678
5024
28705
10284
31864
6851
24775
2950
24153
26412
29120
2550
11626
3813
8821
7978
19396
21982
12115
3059
10695
8299
6218
4295
21653
30147
14158
14400
5269
4738
26330
12699
7153
2855
14440
15162
17688
32407
15098
7459
24892
22681
20884
13182
5845
9304
6592
2331
20508
28388
25097
489
14737
14768
12416
5504
20597
32022
22842
6552
337
15055
9423
7312
22126
8315
1757
20457
13914
14879
25731
712
12905
13474
27367
11383
25906
12367
30128
1764
24846
9046
1421
14624
11932
19531
18092
4577
23360
13477
10051
20993
6047
17216
32267
1789
26148
24283
16576
30071
22911
8347
19107
5045
25377
5767
13047
5151
12737
5642
13191
32709
8154
7796
7967
24790
12842
19321
26639
32042
9780
22448
13995
8378
4287
12053
4045
30754
3158
4488
2897
31526
30662
17740
6808
26410
17571
22920
24326
18872
21954
30921
4229
6910
28096
19326
29695
26701
11642
27259
25063
3740
8851
24952
23729
1283
26098
16783
14166
14144
19009
17344
19409
28725
6767
31600
16804
21607
26670
6374
25684
27777
27254
15309
2536
16336
27649
21941
2414
32452
18892
7314
16759
15733
412
3387
11926
15900
20599
32236
4580
19350
24871
16581
10111
9188
2746
22089
27910
29357
7941
12256
30751
23482
18716
597
23794
5497
31707
10328
9387
4988
28769
5373
21500
16631
13456
22075
408
19269
18830
10095
31929
31844
21063
5078
923
9588
20968
10518
2559
6459
31333
14774
4009
13988
2804
12193
1762
828
16016
28328
19191
21940
19064
18172
9911
4193
27821
30648
27385
27583
2679
16725
5396
20714
24289
2100
1382
17443
14648
1816
17870
24402
19344
4520
24625
23678
2367
26354
17656
12374
5472
5091
16784
13483
16721
26064
1769
25332
6965
27888
16376
7881
3187
3808
14390
4200
2101
10525
4638
3891
18922
17293
3507
7216
9157
21239
24311
27784
23868
2950
5237
1033
8585
17227
3512
24484
32300
25784
465
12271
29031
28965
5590
9123
2241
4942
861